Itti: 358.61442900400004
TranSalNet_res: 172.9620261309999